# Trial2
4.320000000000000284e+01 | 3.879999999999999716e+01 | 3.470000000000000284e+01 | 3.119999999999999929e+01 | 2.850000000000000000e+01 | 2.230000000000000071e+01 | 1.830000000000000071e+01
5.920000000000000284e+01 | 5.479999999999999716e+01 | 5.029999999999999716e+01 | 4.589999999999999858e+01 | 4.229999999999999716e+01 | 3.389999999999999858e+01 | 2.850000000000000000e+01
6.990000000000000568e+01 | 6.590000000000000568e+01 | 6.150000000000000000e+01 | 5.700000000000000000e+01 | 5.260000000000000142e+01 | 4.279999999999999716e+01 | 3.650000000000000000e+01
7.750000000000000000e+01 | 7.390000000000000568e+01 | 6.990000000000000568e+01 | 6.550000000000000000e+01 | 6.100000000000000000e+01 | 5.029999999999999716e+01 | 4.320000000000000284e+01
8.059999999999999432e+01 | 7.750000000000000000e+01 | 7.350000000000000000e+01 | 6.900000000000000000e+01 | 6.500000000000000000e+01 | 5.350000000000000000e+01 | 4.589999999999999858e+01
8.640000000000000568e+01 | 8.329999999999999716e+01 | 7.970000000000000284e+01 | 7.570000000000000284e+01 | 7.129999999999999716e+01 | 5.970000000000000284e+01 | 5.120000000000000284e+01
9.309999999999999432e+01 | 9.000000000000000000e+01 | 8.690000000000000568e+01 | 8.329999999999999716e+01 | 7.929999999999999716e+01 | 6.770000000000000284e+01 | 5.879999999999999716e+01
9.670000000000000284e+01 | 9.400000000000000000e+01 | 9.090000000000000568e+01 | 8.729999999999999716e+01 | 8.370000000000000284e+01 | 7.259999999999999432e+01 | 6.329999999999999716e+01
1.015999999999999943e+02 | 9.890000000000000568e+01 | 9.579999999999999716e+01 | 9.270000000000000284e+01 | 8.950000000000000000e+01 | 7.879999999999999716e+01 | 6.900000000000000000e+01
1.077999999999999972e+02 | 1.055999999999999943e+02 | 1.029000000000000057e+02 | 9.979999999999999716e+01 | 9.709999999999999432e+01 | 8.729999999999999716e+01 | 7.800000000000000000e+01
1.127000000000000028e+02 | 1.105000000000000000e+02 | 1.082000000000000028e+02 | 1.055999999999999943e+02 | 1.029000000000000057e+02 | 9.400000000000000000e+01 | 8.550000000000000000e+01
1.167000000000000028e+02 | 1.149000000000000057e+02 | 1.127000000000000028e+02 | 1.100000000000000000e+02 | 1.077999999999999972e+02 | 9.979999999999999716e+01 | 9.179999999999999716e+01
