# Trial2
3.058569280990815969e+03 | 2.852107254891071534e+03 | 2.678139543200172739e+03 | 2.534777388325358970e+03 | 2.413865298678623731e+03 | 2.145159055500384511e+03 | 1.958543197758844826e+03
4.897615468318026615e+03 | 4.553512091485118617e+03 | 4.263565905333622140e+03 | 4.024628980542264799e+03 | 3.823108831131039551e+03 | 3.375265092500641003e+03 | 3.064238662931407362e+03
6.736661655645237261e+03 | 6.254916928079166610e+03 | 5.848992267467069723e+03 | 5.514480572759171082e+03 | 5.232352363583454462e+03 | 4.605371129500897041e+03 | 4.169934128103970579e+03
8.575707842972446088e+03 | 7.956321764673214602e+03 | 7.434418629600519125e+03 | 7.004332164976076456e+03 | 6.641595896035872101e+03 | 5.835477166501153988e+03 | 5.275629593276534251e+03
9.495230936636053229e+03 | 8.807024182970237234e+03 | 8.227131810667244281e+03 | 7.749257961084529597e+03 | 7.346217662262079102e+03 | 6.450530185001282007e+03 | 5.828477325862814723e+03
1.133427712396326388e+04 | 1.050842901956428614e+04 | 9.812558172800690954e+03 | 9.239109553301435881e+03 | 8.755461194714494923e+03 | 7.680636222001538044e+03 | 6.934172791035379305e+03
1.409284640495407984e+04 | 1.306053627445535494e+04 | 1.219069771600086460e+04 | 1.147388694162679531e+04 | 1.086932649339312047e+04 | 9.525795277501922101e+03 | 8.592715988794223449e+03
1.593189259228128867e+04 | 1.476194111104940566e+04 | 1.377612407813431309e+04 | 1.296373853384369977e+04 | 1.227857002584553265e+04 | 1.075590131450217996e+04 | 9.698411453966788031e+03
1.869046187327210646e+04 | 1.731404836594047447e+04 | 1.615426362133448674e+04 | 1.519851592216905919e+04 | 1.439243532452415820e+04 | 1.260106037000256401e+04 | 1.135695465172562945e+04
2.328807734159013489e+04 | 2.156756045742559581e+04 | 2.011782952666810525e+04 | 1.892314490271132672e+04 | 1.791554415565519957e+04 | 1.567632546250320411e+04 | 1.412119331465703726e+04
2.788569280990815969e+04 | 2.582107254891070988e+04 | 2.408139543200172920e+04 | 2.264777388325359061e+04 | 2.143865298678624094e+04 | 1.875159055500384420e+04 | 1.688543197758844690e+04
3.248330827822618812e+04 | 3.007458464039583123e+04 | 2.804496133733534953e+04 | 2.637240286379585814e+04 | 2.496176181791727868e+04 | 2.182685564750448611e+04 | 1.964967064051985653e+04
