# Trial2
5.970000000000000284e+01 | 5.610000000000000142e+01 | 5.260000000000000142e+01 | 5.029999999999999716e+01 | 4.810000000000000142e+01 | 4.370000000000000284e+01 | 4.100000000000000000e+01
7.309999999999999432e+01 | 6.820000000000000284e+01 | 6.370000000000000284e+01 | 6.060000000000000142e+01 | 5.789999999999999858e+01 | 5.300000000000000000e+01 | 4.989999999999999858e+01
8.240000000000000568e+01 | 7.750000000000000000e+01 | 7.259999999999999432e+01 | 6.820000000000000284e+01 | 6.459999999999999432e+01 | 5.839999999999999858e+01 | 5.479999999999999716e+01
9.000000000000000000e+01 | 8.550000000000000000e+01 | 8.059999999999999432e+01 | 7.570000000000000284e+01 | 7.129999999999999716e+01 | 6.279999999999999716e+01 | 5.879999999999999716e+01
9.309999999999999432e+01 | 8.859999999999999432e+01 | 8.420000000000000284e+01 | 7.929999999999999716e+01 | 7.479999999999999716e+01 | 6.500000000000000000e+01 | 6.010000000000000142e+01
9.840000000000000568e+01 | 9.440000000000000568e+01 | 9.000000000000000000e+01 | 8.550000000000000000e+01 | 8.059999999999999432e+01 | 6.990000000000000568e+01 | 6.329999999999999716e+01
1.050999999999999943e+02 | 1.015999999999999943e+02 | 9.759999999999999432e+01 | 9.309999999999999432e+01 | 8.859999999999999432e+01 | 7.709999999999999432e+01 | 6.900000000000000000e+01
1.087000000000000028e+02 | 1.050999999999999943e+02 | 1.015999999999999943e+02 | 9.709999999999999432e+01 | 9.309999999999999432e+01 | 8.109999999999999432e+01 | 7.259999999999999432e+01
1.135999999999999943e+02 | 1.105000000000000000e+02 | 1.065000000000000000e+02 | 1.029000000000000057e+02 | 9.890000000000000568e+01 | 8.729999999999999716e+01 | 7.800000000000000000e+01
1.197999999999999972e+02 | 1.170999999999999943e+02 | 1.135999999999999943e+02 | 1.100000000000000000e+02 | 1.065000000000000000e+02 | 9.579999999999999716e+01 | 8.600000000000000000e+01
1.252000000000000028e+02 | 1.225000000000000000e+02 | 1.194000000000000057e+02 | 1.162999999999999972e+02 | 1.127000000000000028e+02 | 1.029000000000000057e+02 | 9.350000000000000000e+01
1.291999999999999886e+02 | 1.269000000000000057e+02 | 1.237999999999999972e+02 | 1.212000000000000028e+02 | 1.180000000000000000e+02 | 1.087000000000000028e+02 | 9.979999999999999716e+01
