# Trial5
5.520000000000000284e+01 | 5.079999999999999716e+01 | 4.629999999999999716e+01 | 4.189999999999999858e+01 | 3.829999999999999716e+01 | 3.069999999999999929e+01 | 2.580000000000000071e+01
7.040000000000000568e+01 | 6.679999999999999716e+01 | 6.239999999999999858e+01 | 5.789999999999999858e+01 | 5.350000000000000000e+01 | 4.370000000000000284e+01 | 3.739999999999999858e+01
8.020000000000000284e+01 | 7.709999999999999432e+01 | 7.309999999999999432e+01 | 6.900000000000000000e+01 | 6.500000000000000000e+01 | 5.389999999999999858e+01 | 4.629999999999999716e+01
8.729999999999999716e+01 | 8.420000000000000284e+01 | 8.109999999999999432e+01 | 7.750000000000000000e+01 | 7.350000000000000000e+01 | 6.239999999999999858e+01 | 5.389999999999999858e+01
9.000000000000000000e+01 | 8.729999999999999716e+01 | 8.420000000000000284e+01 | 8.059999999999999432e+01 | 7.709999999999999432e+01 | 6.590000000000000568e+01 | 5.700000000000000000e+01
9.490000000000000568e+01 | 9.270000000000000284e+01 | 8.950000000000000000e+01 | 8.640000000000000568e+01 | 8.329999999999999716e+01 | 7.309999999999999432e+01 | 6.370000000000000284e+01
1.010999999999999943e+02 | 9.890000000000000568e+01 | 9.620000000000000284e+01 | 9.309999999999999432e+01 | 9.040000000000000568e+01 | 8.109999999999999432e+01 | 7.170000000000000284e+01
1.042000000000000028e+02 | 1.020000000000000000e+02 | 9.979999999999999716e+01 | 9.709999999999999432e+01 | 9.400000000000000000e+01 | 8.550000000000000000e+01 | 7.659999999999999432e+01
1.082000000000000028e+02 | 1.065000000000000000e+02 | 1.042000000000000028e+02 | 1.015999999999999943e+02 | 9.890000000000000568e+01 | 9.090000000000000568e+01 | 8.290000000000000568e+01
1.140000000000000000e+02 | 1.122000000000000028e+02 | 1.100000000000000000e+02 | 1.077999999999999972e+02 | 1.055999999999999943e+02 | 9.800000000000000000e+01 | 9.090000000000000568e+01
1.185000000000000000e+02 | 1.167000000000000028e+02 | 1.149000000000000057e+02 | 1.127000000000000028e+02 | 1.105000000000000000e+02 | 1.037999999999999972e+02 | 9.709999999999999432e+01
1.220000000000000000e+02 | 1.207000000000000028e+02 | 1.189000000000000057e+02 | 1.167000000000000028e+02 | 1.149000000000000057e+02 | 1.087000000000000028e+02 | 1.024000000000000057e+02
