# Trial5
5.029999999999999716e+01 | 4.679999999999999716e+01 | 4.500000000000000000e+01 | 4.320000000000000284e+01 | 4.139999999999999858e+01 | 3.789999999999999858e+01 | 3.610000000000000142e+01
5.750000000000000000e+01 | 5.389999999999999858e+01 | 5.029999999999999716e+01 | 4.860000000000000142e+01 | 4.860000000000000142e+01 | 4.500000000000000000e+01 | 4.320000000000000284e+01
6.100000000000000000e+01 | 5.750000000000000000e+01 | 5.570000000000000284e+01 | 5.389999999999999858e+01 | 5.210000000000000142e+01 | 4.860000000000000142e+01 | 4.679999999999999716e+01
6.459999999999999432e+01 | 6.100000000000000000e+01 | 5.750000000000000000e+01 | 5.570000000000000284e+01 | 5.570000000000000284e+01 | 5.210000000000000142e+01 | 5.029999999999999716e+01
6.640000000000000568e+01 | 6.279999999999999716e+01 | 5.920000000000000284e+01 | 5.750000000000000000e+01 | 5.570000000000000284e+01 | 5.389999999999999858e+01 | 5.029999999999999716e+01
6.820000000000000284e+01 | 6.459999999999999432e+01 | 6.100000000000000000e+01 | 5.920000000000000284e+01 | 5.750000000000000000e+01 | 5.570000000000000284e+01 | 5.389999999999999858e+01
7.170000000000000284e+01 | 6.640000000000000568e+01 | 6.459999999999999432e+01 | 6.100000000000000000e+01 | 6.100000000000000000e+01 | 5.750000000000000000e+01 | 5.570000000000000284e+01
7.170000000000000284e+01 | 6.820000000000000284e+01 | 6.459999999999999432e+01 | 6.279999999999999716e+01 | 6.100000000000000000e+01 | 5.920000000000000284e+01 | 5.750000000000000000e+01
7.350000000000000000e+01 | 6.990000000000000568e+01 | 6.640000000000000568e+01 | 6.459999999999999432e+01 | 6.279999999999999716e+01 | 6.100000000000000000e+01 | 5.920000000000000284e+01
7.709999999999999432e+01 | 7.170000000000000284e+01 | 6.820000000000000284e+01 | 6.640000000000000568e+01 | 6.640000000000000568e+01 | 6.279999999999999716e+01 | 6.100000000000000000e+01
7.879999999999999716e+01 | 7.350000000000000000e+01 | 6.990000000000000568e+01 | 6.820000000000000284e+01 | 6.820000000000000284e+01 | 6.459999999999999432e+01 | 6.279999999999999716e+01
8.059999999999999432e+01 | 7.529999999999999716e+01 | 7.170000000000000284e+01 | 6.990000000000000568e+01 | 6.820000000000000284e+01 | 6.640000000000000568e+01 | 6.459999999999999432e+01
