# Trial5
4.642332408743873202e+03 | 4.294274881616693165e+03 | 4.010558694890478819e+03 | 3.776818611839452842e+03 | 3.584271084064160277e+03 | 3.153980642827749762e+03 | 2.860042180776636087e+03
7.537220681239788973e+03 | 6.957124802694486789e+03 | 6.484264491484131213e+03 | 6.094697686399088525e+03 | 5.773785140106933795e+03 | 5.056634404712915966e+03 | 4.566736967961060145e+03
1.043210895373570565e+04 | 9.619974723772282232e+03 | 8.957970288077784062e+03 | 8.412576760958723753e+03 | 7.963299196149708223e+03 | 6.959288166598082171e+03 | 6.273431755145484203e+03
1.332699722623161870e+04 | 1.228282464485007586e+04 | 1.143167608467143691e+04 | 1.073045583551835807e+04 | 1.015281325219248174e+04 | 8.861941928483249285e+03 | 7.980126542329909171e+03
1.477444136247957795e+04 | 1.361424960538897358e+04 | 1.266852898296826243e+04 | 1.188939537279817705e+04 | 1.124757028021386759e+04 | 9.813268809425831932e+03 | 8.833473935922120290e+03
1.766932963497549281e+04 | 1.627709952646677084e+04 | 1.514223477956191527e+04 | 1.420727444735781137e+04 | 1.343708433625664111e+04 | 1.171592257131099905e+04 | 1.054016872310654435e+04
2.201166204371937056e+04 | 2.027137440808345855e+04 | 1.885279347445239546e+04 | 1.768409305919726467e+04 | 1.672135542032080411e+04 | 1.456990321413874881e+04 | 1.310021090388318044e+04
2.490655031621528542e+04 | 2.293422432916125763e+04 | 2.132649927104604649e+04 | 2.000197213375690262e+04 | 1.891086947636357581e+04 | 1.647255697602391592e+04 | 1.480690569106760631e+04
2.924888272495915589e+04 | 2.692849921077794716e+04 | 2.503705796593652485e+04 | 2.347879074559635410e+04 | 2.219514056042773518e+04 | 1.932653761885166386e+04 | 1.736694787184424058e+04
3.648610340619894851e+04 | 3.358562401347243576e+04 | 3.122132245742065425e+04 | 2.927348843199544353e+04 | 2.766892570053466989e+04 | 2.408317202356458074e+04 | 2.163368483980530073e+04
4.372332408743874112e+04 | 4.024274881616691709e+04 | 3.740558694890479092e+04 | 3.506818611839452933e+04 | 3.314271084064160823e+04 | 2.883980642827749762e+04 | 2.590042180776636087e+04
5.096054476867852645e+04 | 4.689987361886140570e+04 | 4.358985144038892031e+04 | 4.086288380479361513e+04 | 3.861649598074854293e+04 | 3.359644083299041085e+04 | 3.016715877572742465e+04
