# Trial5
6.950000000000000000e+01 | 6.500000000000000000e+01 | 6.060000000000000142e+01 | 5.789999999999999858e+01 | 5.520000000000000284e+01 | 5.079999999999999716e+01 | 4.810000000000000142e+01
8.329999999999999716e+01 | 7.879999999999999716e+01 | 7.350000000000000000e+01 | 6.900000000000000000e+01 | 6.500000000000000000e+01 | 5.879999999999999716e+01 | 5.570000000000000284e+01
9.270000000000000284e+01 | 8.859999999999999432e+01 | 8.420000000000000284e+01 | 7.929999999999999716e+01 | 7.479999999999999716e+01 | 6.500000000000000000e+01 | 6.060000000000000142e+01
9.979999999999999716e+01 | 9.620000000000000284e+01 | 9.179999999999999716e+01 | 8.779999999999999716e+01 | 8.329999999999999716e+01 | 7.220000000000000284e+01 | 6.500000000000000000e+01
1.029000000000000057e+02 | 9.929999999999999716e+01 | 9.529999999999999716e+01 | 9.090000000000000568e+01 | 8.690000000000000568e+01 | 7.529999999999999716e+01 | 6.770000000000000284e+01
1.077999999999999972e+02 | 1.047000000000000028e+02 | 1.007000000000000028e+02 | 9.709999999999999432e+01 | 9.309999999999999432e+01 | 8.150000000000000000e+01 | 7.309999999999999432e+01
1.140000000000000000e+02 | 1.109000000000000057e+02 | 1.072999999999999972e+02 | 1.037999999999999972e+02 | 1.002000000000000028e+02 | 9.000000000000000000e+01 | 8.020000000000000284e+01
1.170999999999999943e+02 | 1.145000000000000000e+02 | 1.114000000000000057e+02 | 1.077999999999999972e+02 | 1.042000000000000028e+02 | 9.440000000000000568e+01 | 8.509999999999999432e+01
1.215999999999999943e+02 | 1.189000000000000057e+02 | 1.157999999999999972e+02 | 1.127000000000000028e+02 | 1.095999999999999943e+02 | 1.002000000000000028e+02 | 9.129999999999999716e+01
1.274000000000000057e+02 | 1.247000000000000028e+02 | 1.220000000000000000e+02 | 1.194000000000000057e+02 | 1.162999999999999972e+02 | 1.077999999999999972e+02 | 9.979999999999999716e+01
1.318000000000000114e+02 | 1.295999999999999943e+02 | 1.274000000000000057e+02 | 1.247000000000000028e+02 | 1.220000000000000000e+02 | 1.140000000000000000e+02 | 1.065000000000000000e+02
1.359000000000000057e+02 | 1.335999999999999943e+02 | 1.314000000000000057e+02 | 1.286999999999999886e+02 | 1.265000000000000000e+02 | 1.189000000000000057e+02 | 1.117999999999999972e+02
