# Trial3
5.170000000000000284e+01 | 4.720000000000000284e+01 | 4.229999999999999716e+01 | 3.829999999999999716e+01 | 3.520000000000000284e+01 | 2.810000000000000142e+01 | 2.319999999999999929e+01
6.640000000000000568e+01 | 6.279999999999999716e+01 | 5.839999999999999858e+01 | 5.389999999999999858e+01 | 4.939999999999999858e+01 | 4.010000000000000142e+01 | 3.429999999999999716e+01
7.620000000000000284e+01 | 7.259999999999999432e+01 | 6.900000000000000000e+01 | 6.459999999999999432e+01 | 6.060000000000000142e+01 | 4.989999999999999858e+01 | 4.229999999999999716e+01
8.329999999999999716e+01 | 8.020000000000000284e+01 | 7.659999999999999432e+01 | 7.309999999999999432e+01 | 6.900000000000000000e+01 | 5.789999999999999858e+01 | 4.989999999999999858e+01
8.600000000000000000e+01 | 8.329999999999999716e+01 | 7.970000000000000284e+01 | 7.620000000000000284e+01 | 7.259999999999999432e+01 | 6.150000000000000000e+01 | 5.300000000000000000e+01
9.090000000000000568e+01 | 8.820000000000000284e+01 | 8.509999999999999432e+01 | 8.200000000000000000e+01 | 7.840000000000000568e+01 | 6.820000000000000284e+01 | 5.879999999999999716e+01
9.670000000000000284e+01 | 9.440000000000000568e+01 | 9.179999999999999716e+01 | 8.859999999999999432e+01 | 8.550000000000000000e+01 | 7.620000000000000284e+01 | 6.679999999999999716e+01
9.979999999999999716e+01 | 9.759999999999999432e+01 | 9.529999999999999716e+01 | 9.220000000000000284e+01 | 8.950000000000000000e+01 | 8.059999999999999432e+01 | 7.170000000000000284e+01
1.042000000000000028e+02 | 1.020000000000000000e+02 | 9.979999999999999716e+01 | 9.709999999999999432e+01 | 9.440000000000000568e+01 | 8.600000000000000000e+01 | 7.800000000000000000e+01
1.095999999999999943e+02 | 1.077999999999999972e+02 | 1.055999999999999943e+02 | 1.032999999999999972e+02 | 1.007000000000000028e+02 | 9.309999999999999432e+01 | 8.600000000000000000e+01
1.140000000000000000e+02 | 1.122000000000000028e+02 | 1.105000000000000000e+02 | 1.082000000000000028e+02 | 1.060000000000000000e+02 | 9.890000000000000568e+01 | 9.220000000000000284e+01
1.175999999999999943e+02 | 1.162999999999999972e+02 | 1.145000000000000000e+02 | 1.122000000000000028e+02 | 1.100000000000000000e+02 | 1.037999999999999972e+02 | 9.709999999999999432e+01
