# Trial3
4.208680926958011696e+03 | 3.889828551129062816e+03 | 3.631094516427980579e+03 | 3.419206881745706141e+03 | 3.244894112871035304e+03 | 2.856376756011258749e+03 | 2.591326012425474801e+03
6.814468211596687070e+03 | 6.283047585215104846e+03 | 5.851824194046634148e+03 | 5.498678136242844630e+03 | 5.208156854785059295e+03 | 4.560627926685430793e+03 | 4.118876687375791334e+03
9.420255496235362443e+03 | 8.676266619301146420e+03 | 8.072553871665288170e+03 | 7.578149390739983573e+03 | 7.171419596699081922e+03 | 6.264879097359604202e+03 | 5.646427362326107868e+03
1.202604278087403691e+04 | 1.106948565338718618e+04 | 1.029328354928394219e+04 | 9.657620645237120698e+03 | 9.134682338613107277e+03 | 7.969130268033776701e+03 | 7.173978037276425312e+03
1.332893642319337414e+04 | 1.226609517043020969e+04 | 1.140364838809326830e+04 | 1.069735627248568926e+04 | 1.011631370957011859e+04 | 8.821255853370861587e+03 | 7.937753374751582669e+03
1.593472370783204678e+04 | 1.465931420451625127e+04 | 1.362437806571192232e+04 | 1.277682752698282457e+04 | 1.207957645148414122e+04 | 1.052550702404503500e+04 | 9.465304049701899203e+03
1.984340463479006212e+04 | 1.824914275564530908e+04 | 1.695547258213990426e+04 | 1.589603440872853389e+04 | 1.502447056435517879e+04 | 1.308188378005629420e+04 | 1.175663006212737309e+04
2.244919191942873294e+04 | 2.064236178973135611e+04 | 1.917620225975855647e+04 | 1.797550566322566738e+04 | 1.698773330626920142e+04 | 1.478613495073046579e+04 | 1.328418073707769145e+04
2.635787284638674828e+04 | 2.423219034086041938e+04 | 2.250729677618653659e+04 | 2.109471254497137852e+04 | 1.993262741914023718e+04 | 1.734251170674172317e+04 | 1.557550674950316534e+04
3.287234105798343808e+04 | 3.021523792607551877e+04 | 2.805912097023317256e+04 | 2.629339068121422315e+04 | 2.484078427392529920e+04 | 2.160313963342715579e+04 | 1.939438343687895758e+04
3.938680926958012424e+04 | 3.619828551129061816e+04 | 3.361094516427980852e+04 | 3.149206881745706778e+04 | 2.974894112871035759e+04 | 2.586376756011258840e+04 | 2.321326012425474619e+04
4.590127748117681040e+04 | 4.218133309650572482e+04 | 3.916276935832644085e+04 | 3.669074695369991241e+04 | 3.465709798349541961e+04 | 3.012439548679802101e+04 | 2.703213681163053843e+04
