# Trial3
6.640000000000000568e+01 | 6.189999999999999858e+01 | 5.839999999999999858e+01 | 5.520000000000000284e+01 | 5.300000000000000000e+01 | 4.900000000000000000e+01 | 4.589999999999999858e+01
7.970000000000000284e+01 | 7.479999999999999716e+01 | 6.990000000000000568e+01 | 6.550000000000000000e+01 | 6.239999999999999858e+01 | 5.700000000000000000e+01 | 5.389999999999999858e+01
8.909999999999999432e+01 | 8.459999999999999432e+01 | 7.970000000000000284e+01 | 7.529999999999999716e+01 | 7.079999999999999716e+01 | 6.239999999999999858e+01 | 5.879999999999999716e+01
9.579999999999999716e+01 | 9.220000000000000284e+01 | 8.779999999999999716e+01 | 8.329999999999999716e+01 | 7.879999999999999716e+01 | 6.820000000000000284e+01 | 6.239999999999999858e+01
9.890000000000000568e+01 | 9.490000000000000568e+01 | 9.090000000000000568e+01 | 8.640000000000000568e+01 | 8.240000000000000568e+01 | 7.129999999999999716e+01 | 6.409999999999999432e+01
1.037999999999999972e+02 | 1.002000000000000028e+02 | 9.670000000000000284e+01 | 9.270000000000000284e+01 | 8.820000000000000284e+01 | 7.709999999999999432e+01 | 6.900000000000000000e+01
1.100000000000000000e+02 | 1.065000000000000000e+02 | 1.032999999999999972e+02 | 9.929999999999999716e+01 | 9.579999999999999716e+01 | 8.459999999999999432e+01 | 7.570000000000000284e+01
1.130999999999999943e+02 | 1.100000000000000000e+02 | 1.069000000000000057e+02 | 1.032999999999999972e+02 | 9.979999999999999716e+01 | 8.950000000000000000e+01 | 8.020000000000000284e+01
1.175999999999999943e+02 | 1.145000000000000000e+02 | 1.114000000000000057e+02 | 1.082000000000000028e+02 | 1.050999999999999943e+02 | 9.529999999999999716e+01 | 8.600000000000000000e+01
1.234000000000000057e+02 | 1.207000000000000028e+02 | 1.175999999999999943e+02 | 1.149000000000000057e+02 | 1.117999999999999972e+02 | 1.029000000000000057e+02 | 9.440000000000000568e+01
1.277999999999999972e+02 | 1.255999999999999943e+02 | 1.229000000000000057e+02 | 1.197999999999999972e+02 | 1.170999999999999943e+02 | 1.090999999999999943e+02 | 1.010999999999999943e+02
1.314000000000000057e+02 | 1.291999999999999886e+02 | 1.269000000000000057e+02 | 1.242999999999999972e+02 | 1.215999999999999943e+02 | 1.140000000000000000e+02 | 1.069000000000000057e+02
