# Trial4
3.429999999999999716e+01 | 3.069999999999999929e+01 | 2.719999999999999929e+01 | 2.410000000000000142e+01 | 2.139999999999999858e+01 | 1.650000000000000000e+01 | 1.340000000000000036e+01
5.029999999999999716e+01 | 4.589999999999999858e+01 | 4.139999999999999858e+01 | 3.739999999999999858e+01 | 3.429999999999999716e+01 | 2.719999999999999929e+01 | 2.269999999999999929e+01
6.060000000000000142e+01 | 5.660000000000000142e+01 | 5.210000000000000142e+01 | 4.770000000000000284e+01 | 4.370000000000000284e+01 | 3.520000000000000284e+01 | 2.980000000000000071e+01
6.859999999999999432e+01 | 6.459999999999999432e+01 | 6.010000000000000142e+01 | 5.570000000000000284e+01 | 5.120000000000000284e+01 | 4.189999999999999858e+01 | 3.560000000000000142e+01
7.220000000000000284e+01 | 6.820000000000000284e+01 | 6.370000000000000284e+01 | 5.920000000000000284e+01 | 5.479999999999999716e+01 | 4.500000000000000000e+01 | 3.829999999999999716e+01
7.750000000000000000e+01 | 7.390000000000000568e+01 | 6.990000000000000568e+01 | 6.550000000000000000e+01 | 6.100000000000000000e+01 | 5.029999999999999716e+01 | 4.320000000000000284e+01
8.459999999999999432e+01 | 8.109999999999999432e+01 | 7.750000000000000000e+01 | 7.350000000000000000e+01 | 6.900000000000000000e+01 | 5.750000000000000000e+01 | 4.939999999999999858e+01
8.820000000000000284e+01 | 8.509999999999999432e+01 | 8.150000000000000000e+01 | 7.750000000000000000e+01 | 7.350000000000000000e+01 | 6.189999999999999858e+01 | 5.350000000000000000e+01
9.309999999999999432e+01 | 9.000000000000000000e+01 | 8.690000000000000568e+01 | 8.329999999999999716e+01 | 7.929999999999999716e+01 | 6.770000000000000284e+01 | 5.879999999999999716e+01
9.929999999999999716e+01 | 9.709999999999999432e+01 | 9.400000000000000000e+01 | 9.090000000000000568e+01 | 8.729999999999999716e+01 | 7.659999999999999432e+01 | 6.679999999999999716e+01
1.047000000000000028e+02 | 1.024000000000000057e+02 | 9.979999999999999716e+01 | 9.670000000000000284e+01 | 9.350000000000000000e+01 | 8.329999999999999716e+01 | 7.390000000000000568e+01
1.090999999999999943e+02 | 1.069000000000000057e+02 | 1.042000000000000028e+02 | 1.015999999999999943e+02 | 9.840000000000000568e+01 | 8.909999999999999432e+01 | 8.020000000000000284e+01
