# Trial4
2.368926960743111522e+03 | 2.214080441168303878e+03 | 2.083604657400129327e+03 | 1.976083041244018887e+03 | 1.885398974008967798e+03 | 1.683869291625288042e+03 | 1.543907398319133335e+03
3.748211601238519052e+03 | 3.490134068613839190e+03 | 3.272674429000215696e+03 | 3.093471735406698372e+03 | 2.942331623348279663e+03 | 2.606448819375480525e+03 | 2.373178997198555408e+03
5.127496241733927491e+03 | 4.766187696059375412e+03 | 4.461744200600302065e+03 | 4.210860429569378539e+03 | 3.999264272687591074e+03 | 3.529028347125672553e+03 | 3.202450596077977480e+03
6.506780882229333656e+03 | 6.042241323504910724e+03 | 5.650813972200387980e+03 | 5.328249123732056432e+03 | 5.056196922026903849e+03 | 4.451607874875864582e+03 | 4.031722194957400461e+03
7.196423202477038103e+03 | 6.680268137227678380e+03 | 6.245348858000431392e+03 | 5.886943470813396743e+03 | 5.584663246696559327e+03 | 4.912897638750961050e+03 | 4.446357994397110815e+03
8.575707842972446088e+03 | 7.956321764673215512e+03 | 7.434418629600516397e+03 | 7.004332164976075546e+03 | 6.641595896035871192e+03 | 5.835477166501152169e+03 | 5.275629593276533342e+03
1.064463480371555852e+04 | 9.870402205841517571e+03 | 9.218023287000645723e+03 | 8.680415206220095570e+03 | 8.226994870044840354e+03 | 7.219346458126440666e+03 | 6.519536991595666223e+03
1.202391944421096559e+04 | 1.114645583328705470e+04 | 1.040709305860073255e+04 | 9.797803900382774373e+03 | 9.283927519384149491e+03 | 8.141925985876633604e+03 | 7.348808590475089659e+03
1.409284640495407621e+04 | 1.306053627445535676e+04 | 1.219069771600086278e+04 | 1.147388694162679349e+04 | 1.086932649339311865e+04 | 9.525795277501922101e+03 | 8.592715988794221630e+03
1.754105800619259753e+04 | 1.625067034306919777e+04 | 1.516337214500107621e+04 | 1.426735867703349322e+04 | 1.351165811674140059e+04 | 1.183224409687740081e+04 | 1.066589498599277795e+04
2.098926960743111704e+04 | 1.944080441168303514e+04 | 1.813604657400129145e+04 | 1.706083041244019114e+04 | 1.615398974008968071e+04 | 1.413869291625288133e+04 | 1.273907398319133245e+04
2.443748120866963654e+04 | 2.263093848029687433e+04 | 2.110872100300150851e+04 | 1.985430214784689088e+04 | 1.879632136343796083e+04 | 1.644514173562836368e+04 | 1.481225298038988876e+04
