# Trial4
5.300000000000000000e+01 | 4.939999999999999858e+01 | 4.629999999999999716e+01 | 4.410000000000000142e+01 | 4.229999999999999716e+01 | 3.789999999999999858e+01 | 3.520000000000000284e+01
6.550000000000000000e+01 | 6.100000000000000000e+01 | 5.750000000000000000e+01 | 5.479999999999999716e+01 | 5.260000000000000142e+01 | 4.770000000000000284e+01 | 4.500000000000000000e+01
7.440000000000000568e+01 | 6.950000000000000000e+01 | 6.500000000000000000e+01 | 6.150000000000000000e+01 | 5.879999999999999716e+01 | 5.350000000000000000e+01 | 5.029999999999999716e+01
8.150000000000000000e+01 | 7.659999999999999432e+01 | 7.170000000000000284e+01 | 6.729999999999999716e+01 | 6.370000000000000284e+01 | 5.789999999999999858e+01 | 5.429999999999999716e+01
8.459999999999999432e+01 | 7.970000000000000284e+01 | 7.479999999999999716e+01 | 6.990000000000000568e+01 | 6.640000000000000568e+01 | 5.970000000000000284e+01 | 5.610000000000000142e+01
9.000000000000000000e+01 | 8.550000000000000000e+01 | 8.059999999999999432e+01 | 7.570000000000000284e+01 | 7.129999999999999716e+01 | 6.279999999999999716e+01 | 5.879999999999999716e+01
9.670000000000000284e+01 | 9.270000000000000284e+01 | 8.779999999999999716e+01 | 8.329999999999999716e+01 | 7.840000000000000568e+01 | 6.820000000000000284e+01 | 6.189999999999999858e+01
1.002000000000000028e+02 | 9.620000000000000284e+01 | 9.220000000000000284e+01 | 8.729999999999999716e+01 | 8.290000000000000568e+01 | 7.170000000000000284e+01 | 6.459999999999999432e+01
1.050999999999999943e+02 | 1.015999999999999943e+02 | 9.759999999999999432e+01 | 9.309999999999999432e+01 | 8.859999999999999432e+01 | 7.709999999999999432e+01 | 6.900000000000000000e+01
1.117999999999999972e+02 | 1.082000000000000028e+02 | 1.047000000000000028e+02 | 1.007000000000000028e+02 | 9.670000000000000284e+01 | 8.459999999999999432e+01 | 7.570000000000000284e+01
1.167000000000000028e+02 | 1.140000000000000000e+02 | 1.105000000000000000e+02 | 1.069000000000000057e+02 | 1.029000000000000057e+02 | 9.179999999999999716e+01 | 8.200000000000000000e+01
1.212000000000000028e+02 | 1.185000000000000000e+02 | 1.154000000000000057e+02 | 1.117999999999999972e+02 | 1.082000000000000028e+02 | 9.800000000000000000e+01 | 8.779999999999999716e+01
