# Trial1
6.010000000000000142e+01 | 5.570000000000000284e+01 | 5.120000000000000284e+01 | 4.679999999999999716e+01 | 4.279999999999999716e+01 | 3.429999999999999716e+01 | 2.900000000000000000e+01
7.479999999999999716e+01 | 7.129999999999999716e+01 | 6.729999999999999716e+01 | 6.329999999999999716e+01 | 5.879999999999999716e+01 | 4.810000000000000142e+01 | 4.139999999999999858e+01
8.420000000000000284e+01 | 8.109999999999999432e+01 | 7.800000000000000000e+01 | 7.390000000000000568e+01 | 7.040000000000000568e+01 | 5.879999999999999716e+01 | 5.079999999999999716e+01
9.090000000000000568e+01 | 8.820000000000000284e+01 | 8.509999999999999432e+01 | 8.200000000000000000e+01 | 7.840000000000000568e+01 | 6.820000000000000284e+01 | 5.879999999999999716e+01
9.350000000000000000e+01 | 9.129999999999999716e+01 | 8.820000000000000284e+01 | 8.509999999999999432e+01 | 8.200000000000000000e+01 | 7.170000000000000284e+01 | 6.239999999999999858e+01
9.840000000000000568e+01 | 9.620000000000000284e+01 | 9.350000000000000000e+01 | 9.040000000000000568e+01 | 8.779999999999999716e+01 | 7.840000000000000568e+01 | 6.950000000000000000e+01
1.042000000000000028e+02 | 1.020000000000000000e+02 | 9.979999999999999716e+01 | 9.709999999999999432e+01 | 9.440000000000000568e+01 | 8.600000000000000000e+01 | 7.800000000000000000e+01
1.072999999999999972e+02 | 1.050999999999999943e+02 | 1.029000000000000057e+02 | 1.007000000000000028e+02 | 9.800000000000000000e+01 | 9.000000000000000000e+01 | 8.240000000000000568e+01
1.114000000000000057e+02 | 1.095999999999999943e+02 | 1.072999999999999972e+02 | 1.050999999999999943e+02 | 1.024000000000000057e+02 | 9.529999999999999716e+01 | 8.820000000000000284e+01
1.167000000000000028e+02 | 1.149000000000000057e+02 | 1.130999999999999943e+02 | 1.109000000000000057e+02 | 1.087000000000000028e+02 | 1.020000000000000000e+02 | 9.579999999999999716e+01
1.212000000000000028e+02 | 1.194000000000000057e+02 | 1.175999999999999943e+02 | 1.157999999999999972e+02 | 1.135999999999999943e+02 | 1.072999999999999972e+02 | 1.015999999999999943e+02
1.247000000000000028e+02 | 1.229000000000000057e+02 | 1.215999999999999943e+02 | 1.197999999999999972e+02 | 1.175999999999999943e+02 | 1.117999999999999972e+02 | 1.065000000000000000e+02
