# Trial1
5.511574569277349838e+03 | 5.086438068172083149e+03 | 4.741459355237308046e+03 | 4.458942508994276068e+03 | 4.226525483828047072e+03 | 3.708502341348345453e+03 | 3.355101349900633068e+03
8.985957615462250033e+03 | 8.277396780286806461e+03 | 7.702432258728847046e+03 | 7.231570848323793143e+03 | 6.844209139713412696e+03 | 5.980837235580574998e+03 | 5.391835583167721779e+03
1.246034066164715296e+04 | 1.146835549240152795e+04 | 1.066340516222038605e+04 | 1.000419918765331204e+04 | 9.461892795598776502e+03 | 8.253172129812806816e+03 | 7.428569816434811401e+03
1.593472370783205042e+04 | 1.465931420451624945e+04 | 1.362437806571192414e+04 | 1.277682752698282820e+04 | 1.207957645148414304e+04 | 1.052550702404503681e+04 | 9.465304049701901022e+03
1.767191523092450007e+04 | 1.625479356057361110e+04 | 1.510486451745769409e+04 | 1.416314169664758629e+04 | 1.338841827942682539e+04 | 1.166167447116115000e+04 | 1.048367116633544356e+04
2.114629827710939935e+04 | 1.944575227268833260e+04 | 1.806583742094923218e+04 | 1.693577003597710427e+04 | 1.600610193531218829e+04 | 1.393400936539338181e+04 | 1.252040539960253227e+04
2.635787284638675192e+04 | 2.423219034086041574e+04 | 2.250729677618654387e+04 | 2.109471254497138216e+04 | 1.993262741914023718e+04 | 1.734251170674172681e+04 | 1.557550674950316534e+04
2.983225589257165120e+04 | 2.742314905297513906e+04 | 2.546826967967808014e+04 | 2.386734088430089469e+04 | 2.255031107502560189e+04 | 1.961484660097395681e+04 | 1.761224098277025405e+04
3.504383046184900013e+04 | 3.220958712114722221e+04 | 2.990972903491538818e+04 | 2.802628339329517257e+04 | 2.647683655885365079e+04 | 2.302334894232229999e+04 | 2.066734233267088712e+04
4.372978807731125562e+04 | 4.018698390143402503e+04 | 3.731216129364423250e+04 | 3.495785424161897390e+04 | 3.302104569856706075e+04 | 2.870418617790287681e+04 | 2.575917791583861253e+04
5.241574569277350383e+04 | 4.816438068172083149e+04 | 4.471459355237308773e+04 | 4.188942508994276432e+04 | 3.956525483828047436e+04 | 3.438502341348345362e+04 | 3.085101349900633068e+04
6.110170330823575932e+04 | 5.614177746200763795e+04 | 5.211702581110193569e+04 | 4.882099593826655473e+04 | 4.610946397799388797e+04 | 4.006586064906403044e+04 | 3.594284908217404882e+04
