# Trial1
7.390000000000000568e+01 | 6.900000000000000000e+01 | 6.409999999999999432e+01 | 6.060000000000000142e+01 | 5.839999999999999858e+01 | 5.350000000000000000e+01 | 5.029999999999999716e+01
8.779999999999999716e+01 | 8.329999999999999716e+01 | 7.840000000000000568e+01 | 7.350000000000000000e+01 | 6.950000000000000000e+01 | 6.150000000000000000e+01 | 5.789999999999999858e+01
9.709999999999999432e+01 | 9.309999999999999432e+01 | 8.859999999999999432e+01 | 8.420000000000000284e+01 | 7.970000000000000284e+01 | 6.900000000000000000e+01 | 6.279999999999999716e+01
1.037999999999999972e+02 | 1.002000000000000028e+02 | 9.670000000000000284e+01 | 9.270000000000000284e+01 | 8.820000000000000284e+01 | 7.709999999999999432e+01 | 6.900000000000000000e+01
1.069000000000000057e+02 | 1.032999999999999972e+02 | 9.979999999999999716e+01 | 9.579999999999999716e+01 | 9.179999999999999716e+01 | 8.059999999999999432e+01 | 7.220000000000000284e+01
1.114000000000000057e+02 | 1.082000000000000028e+02 | 1.050999999999999943e+02 | 1.015999999999999943e+02 | 9.800000000000000000e+01 | 8.729999999999999716e+01 | 7.800000000000000000e+01
1.175999999999999943e+02 | 1.145000000000000000e+02 | 1.114000000000000057e+02 | 1.082000000000000028e+02 | 1.050999999999999943e+02 | 9.529999999999999716e+01 | 8.600000000000000000e+01
1.207000000000000028e+02 | 1.180000000000000000e+02 | 1.149000000000000057e+02 | 1.117999999999999972e+02 | 1.087000000000000028e+02 | 9.979999999999999716e+01 | 9.090000000000000568e+01
1.247000000000000028e+02 | 1.225000000000000000e+02 | 1.194000000000000057e+02 | 1.167000000000000028e+02 | 1.135999999999999943e+02 | 1.050999999999999943e+02 | 9.709999999999999432e+01
1.305000000000000000e+02 | 1.283000000000000114e+02 | 1.255999999999999943e+02 | 1.229000000000000057e+02 | 1.202999999999999972e+02 | 1.122000000000000028e+02 | 1.050999999999999943e+02
1.350000000000000000e+02 | 1.326999999999999886e+02 | 1.305000000000000000e+02 | 1.277999999999999972e+02 | 1.255999999999999943e+02 | 1.180000000000000000e+02 | 1.114000000000000057e+02
1.385000000000000000e+02 | 1.366999999999999886e+02 | 1.345000000000000000e+02 | 1.323000000000000114e+02 | 1.295999999999999943e+02 | 1.229000000000000057e+02 | 1.162999999999999972e+02
